20
58	335	79	82	367	354	23	368	143	376	398	303	144	306	270	342	97	266	98	19
203	70	89	7	218	1	334	363	80	200	151	88	10	17	39	233	162	26	281	94
192	341	221	365	307	65	321	210	394	212	338	47	283	219	25	165	251	305	260	261
294	147	6	322	3	256	160	159	141	91	201	137	333	66	329	138	226	308	275	96
304	116	290	386	140	146	149	309	250	326	74	265	153	264	195	172	12	161	380	33
300	337	258	214	276	395	197	77	311	375	84	293	227	83	155	387	315	318	216	113
127	299	75	204	374	257	344	298	340	156	205	269	271	105	199	92	29	168	371	21
2	134	145	73	126	157	382	87	128	302	355	369	225	90	15	167	46	115	101	11
139	67	118	93	158	391	135	72	301	330	254	268	193	103	366	31	350	384	184	171
206	243	5	78	389	353	106	320	231	76	339	215	40	247	148	224	13	163	242	377
241	273	351	297	44	59	325	63	259	379	295	16	81	164	370	43	8	22	170	220
356	331	191	249	124	152	51	130	222	317	61	185	85	9	217	282	324	236	267	32
240	244	64	336	24	263	362	177	48	319	310	136	142	107	313	166	274	373	277	35
57	123	150	289	131	296	272	99	129	213	188	119	14	95	52	348	228	232	112	122
291	207	396	245	56	187	132	211	196	234	364	202	180	62	381	45	280	86	235	102
286	55	323	54	183	246	190	189	385	383	343	252	312	230	49	108	30	37	285	173
133	361	349	198	292	209	278	181	69	36	110	182	378	388	53	288	38	178	41	346
186	121	357	114	360	314	71	154	174	28	390	399	104	169	392	332	20	175	287	229
327	238	397	4	239	328	68	262	100	42	393	111	125	359	284	352	279	372	109	18
120	253	194	208	248	237	223	179	176	50	345	358	316	60	0	347	255	117	27	34
