20
1	2	145	78	4	5	6	82	9	10	11	12	13	14	15	16	17	18	19	20
76	143	77	3	80	81	8	7	84	85	86	87	88	89	90	91	92	93	94	21
74	75	204	79	147	148	149	210	150	152	153	154	155	156	157	158	159	160	95	22
256	142	203	144	205	207	83	208	151	211	212	213	214	215	216	217	218	161	96	23
73	141	202	146	257	259	301	209	261	262	263	264	265	266	267	268	219	162	97	24
72	201	253	206	255	258	302	260	304	305	306	307	308	309	310	269	220	163	98	25
71	140	200	299	300	336	337	303	339	340	341	342	343	344	311	270	221	164	99	26
137	69	139	254	298	335	365	338	383	367	368	369	370	345	312	271	222	165	100	27
198	70	199	252	297	334	364	363	366	386	387	388	371	346	313	272	223	166	101	28
68	138	251	250	333	332	384	396	385	397	398	389	372	347	314	273	224	167	102	29
136	197	196	249	296	382	362	360	394	395	399	390	373	348	315	274	225	168	103	30
67	66	65	293	295	294	361	381	379	393	392	391	374	349	316	275	226	169	104	31
135	134	195	248	292	331	328	329	356	378	377	376	375	350	317	276	227	170	105	32
62	194	246	193	291	358	0	359	380	355	354	353	352	351	318	277	228	171	106	33
133	130	247	290	327	330	357	326	324	323	284	322	321	320	319	278	229	172	107	34
64	187	63	288	289	287	123	240	286	325	237	283	282	281	280	279	230	173	108	35
131	132	192	125	191	243	242	239	121	285	238	235	181	234	233	232	231	174	109	36
60	245	59	244	124	188	186	185	241	183	182	236	180	179	115	177	176	175	110	37
129	61	56	126	58	54	51	52	50	120	119	118	47	178	44	114	113	112	111	38
127	57	189	128	190	53	55	122	184	49	48	46	117	116	45	43	42	41	40	39
